1001 100.00
1002 200.00
1003 210.00
1004 300.00
1005 500.00
1006 510.00
1007 1000.00
1008 2000.00
1009 2000.00
1010 2000.00
10011 100.00
10012 200.00
10013 210.00
10014 300.00
10015 500.00
10016 510.00
10017 1000.00
10018 2000.00
10019 2000.00
10120 2000.00
10021 100.00
10022 200.00
10023 210.00
10024 300.00
10025 500.00
10026 510.00
10027 1000.00
10028 2000.00
10029 2000.00
10130 2000.00
10031 100.00
10032 200.00
10033 210.00
10034 300.00
10035 500.00
10036 510.00
10037 1000.00
10038 2000.00
10039 2000.00
10040 2000.00
10041 100.00
10042 200.00
10043 210.00
10044 300.00
10045 500.00
10046 510.00
10047 1000.00
10048 2000.00
10049 2000.00
10050 2000.00